21 24 0 0 0 0 0 0 0 0 0 0 0 0 0 0 0 0 0 0 0 0 0 0 0 0 0 0 0 1 1 1 1 1 1 1 1 1 0 0 0 0 0 0 0 0 0 0 1 1 2 2 2 2 2 2 2 2 2 1 1 0 0 0 0 0 0 0 1 2 2 2 2 2 2 2 2 2 2 2 2 2 1 0 0 0 0 0 1 2 2 2 2 1 1 1 1 1 1 1 2 2 2 2 1 0 0 0 0 1 2 2 2 1 2 2 2 2 2 2 2 1 2 2 2 1 0 0 0 1 2 2 2 2 2 2 1 1 1 1 1 2 2 2 2 2 2 1 0 0 1 2 2 2 2 2 2 2 2 2 2 2 2 2 2 2 2 2 1 0 0 1 2 2 2 2 2 1 1 2 2 2 1 1 2 2 2 2 2 1 0 0 1 2 2 2 2 1 3 3 1 2 1 3 3 1 2 2 2 2 1 0 0 1 2 2 2 1 3 3 3 3 1 3 3 3 3 1 2 2 2 1 0 0 0 1 2 2 1 3 3 1 3 1 3 1 3 3 1 2 2 1 0 0 0 0 0 1 1 1 3 3 1 3 1 3 1 3 3 1 1 1 0 0 0 0 0 0 0 0 1 3 3 3 3 1 3 3 3 3 1 0 0 0 0 0 0 0 0 0 0 0 1 3 3 1 2 1 3 3 1 0 0 0 0 0 0 0 0 0 0 0 1 2 1 1 2 2 2 1 1 2 1 0 0 0 0 0 0 0 0 0 1 2 2 2 1 2 2 2 1 2 2 2 1 0 0 0 0 0 0 0 1 2 2 1 1 2 2 2 2 2 1 1 2 2 1 0 0 0 0 0 0 1 2 2 2 1 2 2 2 2 2 1 2 2 2 1 0 0 0 0 0 0 0 1 1 1 1 2 2 2 2 2 1 1 1 1 0 0 0 0 0 0 0 0 0 0 0 1 2 2 2 2 2 1 0 0 0 0 0 0 0 0 0 0 0 0 0 0 0 1 2 2 2 1 0 0 0 0 0 0 0 0 0 0 0 0 0 0 0 0 0 1 1 1 0 0 0 0 0 0 0 0 0 0 0 0 0 0 0 0 0 0 0 0 0 0 0 0 0 0 0 0 0 0 






000000000000000000000
000000111111111000000
000011222222222110000
000122222222222221000
001222211111112222100
001222122222221222100
012222221111122222210
012222222222222222210
012222211222112222210
012222133121331222210
012221333313333122210
001221331313133122100
000111331313133111000
000001333313333100000
000000133121331000000
000001211222112100000
000012221222122210000
000122112222211221000
000122212222212221000
000011112222211110000
000000012222210000000
000000001222100000000
000000000111000000000
000000000000000000000